{
  "accessors": [
    {
      "bufferView": 2,
      "componentType": 5126,
      "count": 65532,
      "max": [
        11.737367630004883,
        12.71552562713623,
        7.116337776184082
      ],
      "min": [
        -12.302191734313965,
        -10.667920112609863,
        2.4248173236846924
      ],
      "type": "VEC3"
    },
    {
      "bufferView": 2,
      "byteOffset": 786384,
      "componentType": 5126,
      "count": 65532,
      "max": [
        0.9999886155128479,
        0.99992012977600098,
        0.9999968409538269
      ],
      "min": [
        -0.99996179342269897,
        -0.9999077320098877,
        -0.99996089935302734
      ],
      "type": "VEC3"
    },
    {
      "bufferView": 3,
      "componentType": 5126,
      "count": 65532,
      "max": [
        1,
        0.99986231327056885,
        0.99999988079071045,
        1
      ],
      "min": [
        -1,
        -0.99997067451477051,
        -1,
        -1
      ],
      "type": "VEC4"
    },
    {
      "bufferView": 1,
      "componentType": 5126,
      "count": 65532,
      "max": [
        0.999267578125,
        0.99926215410232544
      ],
      "min": [
        0.000732421875,
        0.00073784589767456055
      ],
      "type": "VEC2"
    },
    {
      "bufferView": 1,
      "byteOffset": 524256,
      "componentType": 5126,
      "count": 65532,
      "max": [
        0.999267578125,
        0.99926215410232544
      ],
      "min": [
        0.000732421875,
        0.00073784589767456055
      ],
      "type": "VEC2"
    },
    {
      "bufferView": 0,
      "componentType": 5125,
      "count": 308028,
      "max": [
        65531
      ],
      "min": [
        0
      ],
      "type": "SCALAR"
    },
    {
      "bufferView": 2,
      "byteOffset": 1572768,
      "componentType": 5126,
      "count": 6180,
      "max": [
        -1.9222176074981689,
        6.6043310165405273,
        6.4545836448669434
      ],
      "min": [
        -9.6865711212158203,
        -6.2492294311523438,
        4.7299699783325195
      ],
      "type": "VEC3"
    },
    {
      "bufferView": 2,
      "byteOffset": 1646928,
      "componentType": 5126,
      "count": 6180,
      "max": [
        0.99985587596893311,
        0.99756050109863281,
        0.99999809265136719
      ],
      "min": [
        -0.99913424253463745,
        -0.99975448846817017,
        -0.88118010759353638
      ],
      "type": "VEC3"
    },
    {
      "bufferView": 3,
      "byteOffset": 1048512,
      "componentType": 5126,
      "count": 6180,
      "max": [
        0.99965643882751465,
        0.94623047113418579,
        1,
        1
      ],
      "min": [
        -1,
        -0.9997556209564209,
        -0.99998480081558228,
        -1
      ],
      "type": "VEC4"
    },
    {
      "bufferView": 1,
      "byteOffset": 1048512,
      "componentType": 5126,
      "count": 6180,
      "max": [
        0.999267578125,
        0.99508118629455566
      ],
      "min": [
        0.000732421875,
        0.099975407123565674
      ],
      "type": "VEC2"
    },
    {
      "bufferView": 1,
      "byteOffset": 1097952,
      "componentType": 5126,
      "count": 6180,
      "max": [
        0.999267578125,
        0.99508118629455566
      ],
      "min": [
        0.000732421875,
        0.099975407123565674
      ],
      "type": "VEC2"
    },
    {
      "bufferView": 0,
      "byteOffset": 1232112,
      "componentType": 5125,
      "count": 28557,
      "max": [
        6179
      ],
      "min": [
        0
      ],
      "type": "SCALAR"
    }
  ],
  "asset": {
    "extras": {
      "author": "ardyfaizal (https://sketchfab.com/ardyfaizal)",
      "license": "CC-BY-4.0 (http://creativecommons.org/licenses/by/4.0/)",
      "source": "https://sketchfab.com/3d-models/pizza-35d8c71791944a6c9f2082a1ad82827d",
      "title": "Pizza"
    },
    "generator": "Sketchfab-4.78.0",
    "version": "2.0"
  },
  "bufferViews": [
    {
      "buffer": 0,
      "byteLength": 1346340,
      "byteOffset": 0,
      "name": "floatBufferViews",
      "target": 34963
    },
    {
      "buffer": 0,
      "byteLength": 1147392,
      "byteOffset": 1346340,
      "byteStride": 8,
      "name": "floatBufferViews",
      "target": 34962
    },
    {
      "buffer": 0,
      "byteLength": 1721088,
      "byteOffset": 2493732,
      "byteStride": 12,
      "name": "floatBufferViews",
      "target": 34962
    },
    {
      "buffer": 0,
      "byteLength": 1147392,
      "byteOffset": 4214820,
      "byteStride": 16,
      "name": "floatBufferViews",
      "target": 34962
    }
  ],
  "buffers": [
    {
      "byteLength": 5362212,
      "uri": "scene.bin"
    }
  ],
  "extensionsUsed": [
    "KHR_materials_unlit"
  ],
  "images": [
    {
      "uri": "textures/Material_0_baseColor.jpeg"
    }
  ],
  "materials": [
    {
      "doubleSided": true,
      "emissiveFactor": [
        0,
        0,
        0
      ],
      "extensions": {
        "KHR_materials_unlit": {}
      },
      "name": "Material_0",
      "pbrMetallicRoughness": {
        "baseColorFactor": [
          1,
          1,
          1,
          1
        ],
        "baseColorTexture": {
          "index": 0,
          "texCoord": 0
        },
        "metallicFactor": 0,
        "roughnessFactor": 1
      }
    }
  ],
  "meshes": [
    {
      "name": "mainMeshNode_Material_0_0",
      "primitives": [
        {
          "attributes": {
            "NORMAL": 1,
            "POSITION": 0,
            "TANGENT": 2,
            "TEXCOORD_0": 3,
            "TEXCOORD_1": 4
          },
          "indices": 5,
          "material": 0,
          "mode": 4
        }
      ]
    },
    {
      "name": "mainMeshNode_Material_0_0",
      "primitives": [
        {
          "attributes": {
            "NORMAL": 7,
            "POSITION": 6,
            "TANGENT": 8,
            "TEXCOORD_0": 9,
            "TEXCOORD_1": 10
          },
          "indices": 11,
          "material": 0,
          "mode": 4
        }
      ]
    }
  ],
  "nodes": [
    {
      "children": [
        1
      ],
      "name": "RootNode (gltf orientation matrix)",
      "rotation": [
        -0.70710678118654746,
        -0,
        -0,
        0.70710678118654757
      ]
    },
    {
      "children": [
        2
      ],
      "matrix": [
        1,
        0,
        0,
        0,
        0,
        -0.012720292434096336,
        -0.99991911649703979,
        0,
        0,
        0.99991911649703979,
        -0.012720292434096336,
        0,
        0,
        -5.855010986328125,
        -3.7333393096923828,
        1
      ],
      "name": "RootNode (model correction matrix)"
    },
    {
      "children": [
        3
      ],
      "matrix": [
        1,
        0,
        0,
        0,
        0,
        0,
        1,
        0,
        0,
        -1,
        0,
        0,
        0,
        0,
        0,
        1
      ],
      "name": "298caa28bfca44d0bc3ed66393a75d4c.fbx"
    },
    {
      "children": [
        4,
        6,
        8,
        10,
        12,
        14,
        16,
        18,
        20,
        22,
        24,
        26,
        28,
        30,
        32,
        34,
        36,
        38,
        40,
        42,
        44,
        46,
        48,
        50,
        52,
        54,
        56,
        58,
        60,
        62,
        64,
        66,
        68,
        70,
        72,
        74,
        76,
        78,
        80,
        82,
        84,
        86,
        88,
        90,
        92,
        94,
        96,
        98,
        100,
        102,
        104,
        106,
        108,
        110,
        112,
        114,
        116,
        118,
        120,
        122,
        124,
        126,
        128,
        130,
        132,
        134,
        136,
        138,
        140,
        142,
        144,
        146,
        148,
        150,
        152,
        154,
        156,
        158,
        160,
        162,
        164,
        166,
        168,
        170,
        172,
        174,
        176,
        178,
        180,
        182,
        184,
        186,
        188,
        190,
        192,
        194,
        196,
        198,
        200,
        202,
        204,
        206,
        208,
        210,
        212,
        214,
        216
      ],
      "name": "RootNode"
    },
    {
      "children": [
        5
      ],
      "matrix": [
        -0.016171280725202131,
        0.99880426472600414,
        -0.046135999445692411,
        0,
        0.016425050450694312,
        0.046401172842973848,
        0.99878783977203511,
        0,
        0.99973431840534444,
        0.015393892423383126,
        -0.017155776830515501,
        0,
        -0.63093501329421997,
        -42.393798828125,
        3.1795399188995361,
        1
      ],
      "name": "IMG_9501"
    },
    {
      "name": ""
    },
    {
      "children": [
        7
      ],
      "matrix": [
        0.095751600023813332,
        0.99338498933764918,
        -0.063386860243416998,
        0,
        -0.00097353711210895755,
        0.06377287828121192,
        0.99796396338806803,
        0,
        0.99540478365254559,
        -0.095494936799646823,
        0.0070734522872820671,
        0,
        -5.6920599937438965,
        -41.383399963378906,
        3.0190300941467285,
        1
      ],
      "name": "IMG_9503"
    },
    {
      "name": ""
    },
    {
      "children": [
        9
      ],
      "matrix": [
        -0.013257944518501041,
        0.99813807881481464,
        -0.059536564622215571,
        0,
        -0.003712939339659993,
        0.059492244355464408,
        0.99822186258517187,
        0,
        0.99990521600229909,
        0.013455425724242853,
        0.0029172812642982437,
        0,
        -0.54999297857284546,
        -41.651599884033203,
        3.05007004737854,
        1
      ],
      "name": "IMG_9504"
    },
    {
      "name": ""
    },
    {
      "children": [
        11
      ],
      "matrix": [
        -0.089055665452273614,
        0.99407103602358271,
        -0.062384804158175489,
        0,
        -0.0087692795855734418,
        0.061848712090776914,
        0.99804701119148809,
        0,
        0.99598804620658121,
        0.089428810523864921,
        0.0032093086302009688,
        0,
        2.5374500751495361,
        -41.505901336669922,
        3.0561299324035645,
        1
      ],
      "name": "IMG_9505"
    },
    {
      "name": ""
    },
    {
      "children": [
        13
      ],
      "matrix": [
        -0.17586770580549849,
        0.9824092925158,
        -0.062789585388946356,
        0,
        -0.017661779703049496,
        0.060624573067395549,
        0.99800437006964904,
        0,
        0.9842553589350842,
        0.17662571477279626,
        0.0066891919218421414,
        0,
        6.2035098075866699,
        -41.050998687744141,
        3.0282700061798096,
        1
      ],
      "name": "IMG_9506"
    },
    {
      "name": ""
    },
    {
      "children": [
        15
      ],
      "matrix": [
        -0.25593634293409506,
        0.96489777931045206,
        -0.058897061448593357,
        0,
        -0.01841034848895523,
        0.056050079964381383,
        0.9982582068806154,
        0,
        0.96651831200140048,
        0.25657487019921604,
        0.0034188518860771566,
        0,
        9.4558801651000977,
        -40.404598236083984,
        3.0527100563049316,
        1
      ],
      "name": "IMG_9507"
    },
    {
      "name": ""
    },
    {
      "children": [
        17
      ],
      "matrix": [
        -0.33057992822699722,
        0.94174161279821766,
        -0.061964875354068139,
        0,
        -0.024082929698869326,
        0.057217420818842291,
        0.99807122954825167,
        0,
        0.94347067975139154,
        0.33143461116644302,
        0.0037649661878924601,
        0,
        12.954999923706055,
        -39.358501434326172,
        3.042759895324707,
        1
      ],
      "name": "IMG_9508"
    },
    {
      "name": ""
    },
    {
      "children": [
        19
      ],
      "matrix": [
        -0.42219306412787216,
        0.90445403083733966,
        -0.060958368616680803,
        0,
        -0.026969991646312252,
        0.054683165434257885,
        0.99813945466988108,
        0,
        0.90610464966962645,
        0.42305160148636511,
        0.0013062644852557259,
        0,
        17.136299133300781,
        -37.693500518798828,
        3.0527799129486084,
        1
      ],
      "name": "IMG_9509"
    },
    {
      "name": ""
    },
    {
      "children": [
        21
      ],
      "matrix": [
        -0.52376553302131379,
        0.84966785273006762,
        -0.061108153760159656,
        0,
        -0.033492742430005051,
        0.051139421060871992,
        0.99812974898961715,
        0,
        0.85120379617540265,
        0.52483263965823912,
        0.0016726404121945038,
        0,
        21.566600799560547,
        -35.381500244140625,
        3.061460018157959,
        1
      ],
      "name": "IMG_9510"
    },
    {
      "name": ""
    },
    {
      "children": [
        23
      ],
      "matrix": [
        -0.64037184366017597,
        0.76553609508904774,
        -0.062276712847416704,
        0,
        -0.042754669151072788,
        0.045427680665922066,
        0.99805228525117728,
        0,
        0.76687413577004238,
        0.64178720222915597,
        0.0036396348474940776,
        0,
        26.624799728393555,
        -31.776100158691406,
        3.0745599269866943,
        1
      ],
      "name": "IMG_9511"
    },
    {
      "name": ""
    },
    {
      "children": [
        25
      ],
      "matrix": [
        -0.72818169781808773,
        0.68258154914607361,
        -0.061918040409183916,
        0,
        -0.047084606585023947,
        0.040307043909610485,
        0.99807734271147652,
        0,
        0.68376491192916622,
        0.72969704054259055,
        0.0027882320356107382,
        0,
        30.504499435424805,
        -28.172100067138672,
        3.077239990234375,
        1
      ],
      "name": "IMG_9512"
    },
    {
      "name": ""
    },
    {
      "children": [
        27
      ],
      "matrix": [
        -0.80719646161652125,
        0.58688666365550879,
        -0.063229078572077158,
        0,
        -0.05421491067906975,
        0.032952892167307568,
        0.9979853958640228,
        0,
        0.58778790036358253,
        0.80899823913350732,
        0.0052185500913390914,
        0,
        33.868598937988281,
        -24.113199234008789,
        3.0867500305175781,
        1
      ],
      "name": "IMG_9513"
    },
    {
      "name": ""
    },
    {
      "children": [
        29
      ],
      "matrix": [
        -0.87142432263204839,
        0.48633553064813623,
        -0.064010948707790227,
        0,
        -0.058700398945651766,
        0.026166421586772626,
        0.99793265381235241,
        0,
        0.48700504421299062,
        0.87338025510686867,
        0.0057460334635330845,
        0,
        36.687698364257812,
        -19.769100189208984,
        3.1106600761413574,
        1
      ],
      "name": "IMG_9514"
    },
    {
      "name": ""
    },
    {
      "children": [
        31
      ],
      "matrix": [
        -0.92136397292340222,
        0.3831631354018476,
        -0.065379209752259304,
        0,
        -0.063182284193550264,
        0.018330820583811747,
        0.99783364344003234,
        0,
        0.38353152199381207,
        0.9234987778474586,
        0.0073197644334043188,
        0,
        38.848701477050781,
        -15.366100311279297,
        3.13742995262146,
        1
      ],
      "name": "IMG_9515"
    },
    {
      "name": ""
    },
    {
      "children": [
        33
      ],
      "matrix": [
        -0.96259478547521837,
        0.26283452312199429,
        -0.065797358846330631,
        0,
        -0.065301470113726598,
        0.010631550529946132,
        0.99780894370331008,
        0,
        0.26295816583043208,
        0.96478235037160742,
        0.0069296056548638907,
        0,
        40.565200805664062,
        -10.117600440979004,
        3.1509499549865723,
        1
      ],
      "name": "IMG_9516"
    },
    {
      "name": ""
    },
    {
      "children": [
        35
      ],
      "matrix": [
        -0.98979964591515346,
        0.12643223388741076,
        -0.065662403097023231,
        0,
        -0.065716382602026696,
        0.0037486394719237204,
        0.99783130075169202,
        0,
        0.12640418507288811,
        0.99196816377157415,
        0.0045982670334003828,
        0,
        41.552799224853516,
        -4.0302700996398926,
        3.1674900054931641,
        1
      ],
      "name": "IMG_9517"
    },
    {
      "name": ""
    },
    {
      "children": [
        37
      ],
      "matrix": [
        -0.99694087802217046,
        -0.048470315024935526,
        -0.061314878208860585,
        0,
        -0.061015118382674219,
        -0.0076413725727011439,
        0.99810759177252695,
        0,
        -0.048847119230637823,
        0.99879539345483004,
        0.0046605746726310349,
        0,
        41.500198364257812,
        3.3404300212860107,
        2.9889099597930908,
        1
      ],
      "name": "IMG_9518"
    },
    {
      "name": ""
    },
    {
      "children": [
        39
      ],
      "matrix": [
        -0.98811735800875011,
        -0.14056304280764581,
        -0.062178113500356021,
        0,
        -0.060589041065885189,
        -0.015560665018395703,
        0.99804149904044648,
        0,
        -0.14125528274908414,
        0.98994944148721098,
        0.006859183233818289,
        0,
        41.098499298095703,
        7.3377299308776855,
        3.0094699859619141,
        1
      ],
      "name": "IMG_9519"
    },
    {
      "name": ""
    },
    {
      "children": [
        41
      ],
      "matrix": [
        -0.96538974135663236,
        -0.25171090704370419,
        -0.068295435854896447,
        0,
        -0.064961368343377748,
        -0.021541620796692307,
        0.997655240649999,
        0,
        -0.25259189992224723,
        0.96756269969893283,
        0.0044445747808095071,
        0,
        40.901199340820312,
        12.337599754333496,
        3.2650899887084961,
        1
      ],
      "name": "IMG_9521"
    },
    {
      "name": ""
    },
    {
      "children": [
        43
      ],
      "matrix": [
        -0.92685981782296967,
        -0.36917012577434127,
        -0.068149074395245757,
        0,
        -0.061548210214731142,
        -0.029642982157154663,
        0.99766382686163069,
        0,
        -0.37032782223934374,
        0.92888896637035567,
        0.0047531285357519382,
        0,
        39.374900817871094,
        17.487300872802734,
        3.2587099075317383,
        1
      ],
      "name": "IMG_9522"
    },
    {
      "name": ""
    },
    {
      "children": [
        45
      ],
      "matrix": [
        -0.85328004317185213,
        -0.51699331785660385,
        -0.068052018458402419,
        0,
        -0.056623868528324128,
        -0.037868819532694831,
        0.99767714718744915,
        0,
        -0.51836946807998752,
        0.8551513677699526,
        0.003038546305390466,
        0,
        36.250198364257812,
        23.970500946044922,
        3.2671899795532227,
        1
      ],
      "name": "IMG_9523"
    },
    {
      "name": ""
    },
    {
      "children": [
        47
      ],
      "matrix": [
        -0.77401506645744034,
        -0.63056458734033038,
        -0.057349612807787498,
        0,
        -0.041667604155950277,
        -0.039652259220424035,
        0.99834438401917169,
        0,
        -0.63179465624583064,
        0.77512321570898335,
        0.0044173304356271981,
        0,
        32.546100616455078,
        29.324800491333008,
        3.2941799163818359,
        1
      ],
      "name": "IMG_9524"
    },
    {
      "name": ""
    },
    {
      "children": [
        49
      ],
      "matrix": [
        -0.66236617054115055,
        -0.74610978182368148,
        -0.067758760243011862,
        0,
        -0.040843695427020155,
        -0.054346579361913783,
        0.99768644465860312,
        0,
        -0.74806607239368661,
        0.66360126791521257,
        0.0055234549700345914,
        0,
        27.964599609375,
        34.061698913574219,
        3.246229887008667,
        1
      ],
      "name": "IMG_9525"
    },
    {
      "name": ""
    },
    {
      "children": [
        51
      ],
      "matrix": [
        -0.5404558535797368,
        -0.83872209004074372,
        -0.066728749494388173,
        0,
        -0.034374069755905623,
        -0.057232552986189233,
        0.99776894028983443,
        0,
        -0.84066990766876759,
        0.5415438029895363,
        0.0021013766478188423,
        0,
        22.563899993896484,
        38.076801300048828,
        3.2505099773406982,
        1
      ],
      "name": "IMG_9526"
    },
    {
      "name": ""
    },
    {
      "children": [
        53
      ],
      "matrix": [
        -0.43266826368813271,
        -0.89913982056821351,
        -0.065922353307944492,
        0,
        -0.026174299827333936,
        -0.060562251468347039,
        0.9978211862481341,
        0,
        -0.90117316850073026,
        0.43345103156601844,
        0.0026690089376060211,
        0,
        17.854400634765625,
        40.850601196289062,
        3.2406799793243408,
        1
      ],
      "name": "IMG_9527"
    },
    {
      "name": ""
    },
    {
      "children": [
        55
      ],
      "matrix": [
        -0.30592095545746112,
        -0.94975745852532922,
        -0.066129713348100416,
        0,
        -0.018488783154968214,
        -0.06352014905549197,
        0.99780927814959552,
        0,
        -0.95187737335722122,
        0.30647342566603691,
        0.0018722849893678672,
        0,
        12.405599594116211,
        43.046298980712891,
        3.2327001094818115,
        1
      ],
      "name": "IMG_9528"
    },
    {
      "name": ""
    },
    {
      "children": [
        57
      ],
      "matrix": [
        -0.16949030898299289,
        -0.98332693833067608,
        -0.065887536864479346,
        0,
        -0.0086363670999389797,
        -0.065370288212406313,
        0.99782370115283481,
        0,
        -0.98549401232283729,
        0.16969047637462004,
        0.0025872579287453679,
        0,
        6.5034999847412109,
        44.462898254394531,
        3.2108900547027588,
        1
      ],
      "name": "IMG_9529"
    },
    {
      "name": ""
    },
    {
      "children": [
        59
      ],
      "matrix": [
        0.02832765962199868,
        -0.99744280674738284,
        -0.065615478114874393,
        0,
        0.0061355325810292793,
        -0.06546708415664737,
        0.99783586632871335,
        0,
        -0.99957986121184317,
        -0.02866894068377579,
        0.0042653135620774885,
        0,
        -2.0823400020599365,
        45.122100830078125,
        3.196929931640625,
        1
      ],
      "name": "IMG_9530"
    },
    {
      "name": ""
    },
    {
      "children": [
        61
      ],
      "matrix": [
        0.19933621370098287,
        -0.97771421114227519,
        -0.065878640224237728,
        0,
        0.016622710566792154,
        -0.063844433301981418,
        0.99782141379595646,
        0,
        -0.97979016090220505,
        -0.19999702414482895,
        0.0035257527485557105,
        0,
        -9.5369997024536133,
        44.334098815917969,
        3.2044100761413574,
        1
      ],
      "name": "IMG_9531"
    },
    {
      "name": ""
    },
    {
      "children": [
        63
      ],
      "matrix": [
        0.40836301135009045,
        -0.91042322339441895,
        -0.066099964184574478,
        0,
        0.02961346477374599,
        -0.059161606362597707,
        0.99780907343874725,
        0,
        -0.91233913303397229,
        -0.40942576694281613,
        0.0028013743246517731,
        0,
        -18.571699142456055,
        41.495700836181641,
        3.1895298957824707,
        1
      ],
      "name": "IMG_9532"
    },
    {
      "name": ""
    },
    {
      "children": [
        65
      ],
      "matrix": [
        0.40465931366139607,
        -0.91210741521247185,
        -0.065657467065912745,
        0,
        0.029845830280782915,
        -0.058587390292962116,
        0.99783603067513615,
        0,
        -0.91398034239360904,
        -0.40574324493832781,
        0.0035146699671126935,
        0,
        -18.58180046081543,
        41.455898284912109,
        3.201819896697998,
        1
      ],
      "name": "IMG_9533"
    },
    {
      "name": ""
    },
    {
      "children": [
        67
      ],
      "matrix": [
        0.57710611249805699,
        -0.81401415975650693,
        -0.06579880419344869,
        0,
        0.039708233655576741,
        -0.052505491028334461,
        0.99783086221655193,
        0,
        -0.81570324940957173,
        -0.57846704411554972,
        0.0020218246423956421,
        0,
        -26.143299102783203,
        37.162101745605469,
        3.2169399261474609,
        1
      ],
      "name": "IMG_9535"
    },
    {
      "name": ""
    },
    {
      "children": [
        69
      ],
      "matrix": [
        0.73853191369788274,
        -0.67121205198367839,
        -0.063600265106388165,
        0,
        0.050185761498457826,
        -0.039342311964331689,
        0.99796471472298109,
        0,
        -0.67234812544734812,
        -0.74022061830319275,
        0.0046297350114263836,
        0,
        -33.096000671386719,
        30.974599838256836,
        3.1210401058197021,
        1
      ],
      "name": "IMG_9536"
    },
    {
      "name": ""
    },
    {
      "children": [
        71
      ],
      "matrix": [
        0.84952211538798439,
        -0.5237120774416606,
        -0.063543964374788181,
        0,
        0.057381520069841763,
        -0.028006661757768558,
        0.99795941202619076,
        0,
        -0.52442305119168686,
        -0.85143484004292791,
        0.0062591165411218785,
        0,
        -37.863201141357422,
        24.644100189208984,
        3.0924100875854492,
        1
      ],
      "name": "IMG_9537"
    },
    {
      "name": ""
    },
    {
      "children": [
        73
      ],
      "matrix": [
        0.91251937169019059,
        -0.40410415639372954,
        -0.063310560536548932,
        0,
        0.060431755811570204,
        -0.019888823044409865,
        0.9979741668036497,
        0,
        -0.40454468131427779,
        -0.91449672798934634,
        0.0062717873934842183,
        0,
        -40.627601623535156,
        19.474399566650391,
        3.0725901126861572,
        1
      ],
      "name": "IMG_9539"
    },
    {
      "name": ""
    },
    {
      "children": [
        75
      ],
      "matrix": [
        0.97258465286146478,
        -0.22399579895041072,
        -0.062489799734925897,
        0,
        0.062494752195916881,
        -0.0070744485948142088,
        0.99802021929670848,
        0,
        -0.22399441726595531,
        -0.97456443308261886,
        0.0071180618175586963,
        0,
        -43.250400543212891,
        11.640700340270996,
        3.0459599494934082,
        1
      ],
      "name": "IMG_9540"
    },
    {
      "name": ""
    },
    {
      "children": [
        77
      ],
      "matrix": [
        0.99609129618985115,
        -0.062634059997468294,
        -0.062282454857333421,
        0,
        0.062614098932051165,
        0.0033442338844615893,
        0.99803220925712277,
        0,
        -0.062302522178075116,
        -0.99803095674831632,
        0.0072529374939329649,
        0,
        -44.301101684570312,
        4.6330399513244629,
        3.0346601009368896,
        1
      ],
      "name": "IMG_9541"
    },
    {
      "name": ""
    },
    {
      "children": [
        79
      ],
      "matrix": [
        0.9929485422678076,
        0.10093451665504583,
        -0.062172467828196312,
        0,
        0.061063342751345971,
        0.014044223897929031,
        0.99803508352519188,
        0,
        0.10160935281885951,
        -0.99479394003115917,
        0.0077817926607828269,
        0,
        -44.171901702880859,
        -2.4898500442504883,
        3.0280799865722656,
        1
      ],
      "name": "IMG_9542"
    },
    {
      "name": ""
    },
    {
      "children": [
        81
      ],
      "matrix": [
        0.94342313609652573,
        0.32571825197286375,
        -0.062132170487907007,
        0,
        0.056030574756280788,
        0.028090127800320719,
        0.99803382678777097,
        0,
        0.32682313408061725,
        -0.94504950402182841,
        0.0082506955960801598,
        0,
        -42.086601257324219,
        -12.262800216674805,
        3.0271499156951904,
        1
      ],
      "name": "IMG_9543"
    },
    {
      "name": ""
    },
    {
      "children": [
        83
      ],
      "matrix": [
        0.86379274113034721,
        0.50006077996780518,
        -0.061654819020991375,
        0,
        0.049152326000490409,
        0.038151229464638448,
        0.99806238910154199,
        0,
        0.50144406389871887,
        -0.86514952466514516,
        0.008375604599715869,
        0,
        -38.596199035644531,
        -19.849899291992188,
        3.009119987487793,
        1
      ],
      "name": "IMG_9544"
    },
    {
      "name": ""
    },
    {
      "children": [
        85
      ],
      "matrix": [
        0.75657238943870164,
        0.65096362333357261,
        -0.062004682367061192,
        0,
        0.04120299263366356,
        0.047176039851001939,
        0.99803643954617549,
        0,
        0.65261055227221365,
        -0.75764159228516703,
        0.0088704398173318211,
        0,
        -33.948699951171875,
        -26.427999496459961,
        3.020550012588501,
        1
      ],
      "name": "IMG_9545"
    },
    {
      "name": ""
    },
    {
      "children": [
        87
      ],
      "matrix": [
        0.639361983501743,
        0.76636458464594559,
        -0.062462608440283118,
        0,
        0.032931757886392354,
        0.053868190287632789,
        0.99800486842382052,
        0,
        0.76820033414157596,
        -0.64014337571795776,
        0.0092035400356842434,
        0,
        -28.920099258422852,
        -31.480199813842773,
        3.0292398929595947,
        1
      ],
      "name": "IMG_9546"
    },
    {
      "name": ""
    },
    {
      "children": [
        89
      ],
      "matrix": [
        0.44082542390415491,
        0.89538264368318332,
        -0.062951306822301822,
        0,
        0.018434296504480752,
        0.061087532232829256,
        0.99796216868080112,
        0,
        0.8974035448738249,
        -0.44108755910433078,
        0.010423188153174001,
        0,
        -20.326400756835938,
        -37.1156005859375,
        3.0421099662780762,
        1
      ],
      "name": "IMG_9547"
    },
    {
      "name": ""
    },
    {
      "children": [
        91
      ],
      "matrix": [
        0.26579331994249689,
        0.96192224352879085,
        -0.063714272172591457,
        0,
        0.0070282516934394024,
        0.064156300760180862,
        0.99791511299854696,
        0,
        0.96400441635507006,
        -0.26568697084596893,
        0.010291684537239609,
        0,
        -12.755200386047363,
        -40.001201629638672,
        3.0542099475860596,
        1
      ],
      "name": "IMG_9548"
    },
    {
      "name": ""
    },
    {
      "children": [
        93
      ],
      "matrix": [
        0.059575968720969374,
        0.99622402786075703,
        -0.063153703484813806,
        0,
        -0.0061060905374912267,
        0.063628588183865631,
        0.99795496813437234,
        0,
        0.99820509896979903,
        -0.059068511735253293,
        0.009873768889143375,
        0,
        -3.7142999172210693,
        -41.547698974609375,
        3.051800012588501,
        1
      ],
      "name": "IMG_9549"
    },
    {
      "name": ""
    },
    {
      "children": [
        95
      ],
      "matrix": [
        0.017250938892181322,
        0.94095232323616207,
        -0.33809929089515622,
        0,
        0.03472410212440552,
        0.33738180381833849,
        0.94072724802885244,
        0,
        0.99924803819621888,
        -0.027968622575188173,
        -0.026853571685245159,
        0,
        -4.524590015411377,
        -39.186298370361328,
        18.662599563598633,
        1
      ],
      "name": "IMG_9552"
    },
    {
      "name": ""
    },
    {
      "children": [
        97
      ],
      "matrix": [
        -0.15555089956223678,
        0.92812880442044499,
        -0.33820236553054223,
        0,
        -0.032223821631426175,
        0.33741997126555145,
        0.94080252354605243,
        0,
        0.98730215383379227,
        0.15724085155019346,
        -0.022578123015987384,
        0,
        3.5359599590301514,
        -39.287498474121094,
        18.661600112915039,
        1
      ],
      "name": "IMG_9557"
    },
    {
      "name": ""
    },
    {
      "children": [
        99
      ],
      "matrix": [
        -0.28272860901996766,
        0.89735700363889681,
        -0.33884353566484776,
        0,
        -0.077536280319256967,
        0.33071971514192544,
        0.94053846027193233,
        0,
        0.9560610121095241,
        0.29218979796814348,
        -0.02392620085696251,
        0,
        9.1665000915527344,
        -38.300899505615234,
        18.644899368286133,
        1
      ],
      "name": "IMG_9558"
    },
    {
      "name": ""
    },
    {
      "children": [
        101
      ],
      "matrix": [
        -0.4818959542041048,
        0.80782854999105669,
        -0.33939552610643298,
        0,
        -0.15221482739325903,
        0.30426944355140306,
        0.94034608099494932,
        0,
        0.86290609897216264,
        0.5048100034074865,
        -0.023662730535119803,
        0,
        18.275400161743164,
        -34.827598571777344,
        18.687799453735352,
        1
      ],
      "name": "IMG_9561"
    },
    {
      "name": ""
    },
    {
      "children": [
        103
      ],
      "matrix": [
        -0.62876921512943595,
        0.69933236610277194,
        -0.33997575770429833,
        0,
        -0.20845467298909431,
        0.26961856078033486,
        0.94013428880758876,
        0,
        0.7491301111385944,
        0.66199703428628709,
        -0.023748751159536452,
        0,
        25.045200347900391,
        -30.421600341796875,
        18.722999572753906,
        1
      ],
      "name": "IMG_9562"
    },
    {
      "name": ""
    },
    {
      "children": [
        105
      ],
      "matrix": [
        -0.74322824386744535,
        0.57608159495540545,
        -0.34020842651431976,
        0,
        -0.25344207882634956,
        0.22817785640864052,
        0.94005424233122648,
        0,
        0.61917597676096214,
        0.78489799451801001,
        -0.023584910508934964,
        0,
        30.211999893188477,
        -25.16200065612793,
        18.653999328613281,
        1
      ],
      "name": "IMG_9563"
    },
    {
      "name": ""
    },
    {
      "children": [
        107
      ],
      "matrix": [
        -0.813978382335522,
        0.47113563962377192,
        -0.33980936150545649,
        0,
        -0.28198447017123141,
        0.19095853191659884,
        0.9402231637598103,
        0,
        0.5078621384516635,
        0.86114229263493758,
        -0.022583183184545552,
        0,
        33.671100616455078,
        -20.799699783325195,
        18.682899475097656,
        1
      ],
      "name": "IMG_9564"
    },
    {
      "name": ""
    },
    {
      "children": [
        109
      ],
      "matrix": [
        -0.88155268604452841,
        0.32687902615029485,
        -0.34060969450488587,
        0,
        -0.31106382469446725,
        0.14052426898902703,
        0.93994267207715865,
        0,
        0.35511147361656248,
        0.93456034159819468,
        -0.022199306695007026,
        0,
        36.990001678466797,
        -14.63599967956543,
        18.696599960327148,
        1
      ],
      "name": "IMG_9565"
    },
    {
      "name": ""
    },
    {
      "children": [
        111
      ],
      "matrix": [
        -0.92436079191358056,
        0.17076393933848533,
        -0.34116975744415001,
        0,
        -0.33104123318382861,
        0.085535839470516462,
        0.93973151596517401,
        0,
        0.18965449719167771,
        0.98159222551305692,
        -0.02253607124801893,
        0,
        39.265701293945312,
        -7.8934798240661621,
        18.718000411987305,
        1
      ],
      "name": "IMG_9566"
    },
    {
      "name": ""
    },
    {
      "children": [
        113
      ],
      "matrix": [
        -0.93926789250113618,
        0.018326351477844338,
        -0.34269515747670698,
        0,
        -0.34207800084038797,
        0.030138729245575258,
        0.93918810594071389,
        0,
        0.027540287898240673,
        0.99937770729638187,
        -0.022039299024914749,
        0,
        40.292701721191406,
        -1.2309199571609497,
        18.775800704956055,
        1
      ],
      "name": "IMG_9567"
    },
    {
      "name": ""
    },
    {
      "children": [
        115
      ],
      "matrix": [
        -0.92224979364810244,
        -0.18122290271203173,
        -0.34148730232419766,
        0,
        -0.33962215231775655,
        -0.042212481989653661,
        0.93961422936188432,
        0,
        -0.18469464467354502,
        0.98253568174234696,
        -0.022616859463999273,
        0,
        40.065601348876953,
        7.5856499671936035,
        18.715599060058594,
        1
      ],
      "name": "IMG_9568"
    },
    {
      "name": ""
    },
    {
      "children": [
        117
      ],
      "matrix": [
        -0.84568994583820278,
        -0.40988486794310802,
        -0.34176440794711138,
        0,
        -0.31814592463637065,
        -0.12695256816491152,
        0.9395031751269407,
        0,
        -0.42847600416528286,
        0.903259342862057,
        -0.023040689810812642,
        0,
        37.203899383544922,
        17.775600433349609,
        18.714000701904297,
        1
      ],
      "name": "IMG_9569"
    },
    {
      "name": ""
    },
    {
      "children": [
        119
      ],
      "matrix": [
        -0.75820986496411114,
        -0.55551783406993749,
        -0.34134694476639055,
        0,
        -0.2898293968697212,
        -0.18180485248747402,
        0.93965201873999149,
        0,
        -0.58405198517018808,
        0.8113858093670685,
        -0.023159166144515853,
        0,
        33.70050048828125,
        24.31920051574707,
        18.668100357055664,
        1
      ],
      "name": "IMG_9570"
    },
    {
      "name": ""
    },
    {
      "children": [
        121
      ],
      "matrix": [
        -0.62369418513536168,
        -0.70264615824575527,
        -0.34248202833260877,
        0,
        -0.24615874942072852,
        -0.23929528032253122,
        0.93922502037530053,
        0,
        -0.74189718527027704,
        0.6700941315351463,
        -0.02371542473155519,
        0,
        28.381099700927734,
        31.369199752807617,
        18.844900131225586,
        1
      ],
      "name": "IMG_9571"
    },
    {
      "name": ""
    },
    {
      "children": [
        123
      ],
      "matrix": [
        -0.4645077202375627,
        -0.81689065622620749,
        -0.34193893257425173,
        0,
        -0.19132401104607344,
        -0.28443196556911365,
